
center=[426167 4518919];
Serapeo=[425815 4519812];
Solfatara=[427105 4519985];
LaPietra=[428263 4518956];
ArcoFelice=[423926 4520664];

