function sFu = fu_(x,y)
%FU_
%    SFU = FU_(X,Y)

%    This function was generated by the Symbolic Math Toolbox version 8.0.
%    20-Apr-2021 14:54:11

t2 = 1.0./x;
t3 = x.^2;
t4 = y.^2;
t5 = x.*y.*2.222222222222222e-7;
t6 = t3.*2.222222222222222e-7;
t7 = t4.*2.222222222222222e-7;
t8 = t5+t6+t7;
sFu = x.*8.888888888888889e-7-t2.*(x.*1.102222222222222e3+y.*5.511111111111111e2-t2.*(t3.*8.266666666666667e2+t4.*8.266666666666667e2+x.*y.*8.266666666666667e2)+t2.*t8.*1.24e9)+t8.*1.0./x.^2.*1.24e9-t2.*(x.*4.444444444444444e-7+y.*2.222222222222222e-7).*1.24e9+6.864088888888889e5;
